StringID	Type		x		y		demand		ReadyTime	DueDate		ServiceTime	altitude
D0		d		40.0		50.0		0.0		0.0		1236.0		0.0		0.0
S0		f		40.0		50.0		0.0		0.0		1236.0		0.0		0.0
S1		f		73.0		52.0		0.0		0.0		1236.0		0.0		-0.020167
S2		f		90.0		55.0		0.0		0.0		1236.0		0.0		-0.004033
S3		f		55.0		79.0		0.0		0.0		1236.0		0.0		0.02904
S4		f		69.0		89.0		0.0		0.0		1236.0		0.0		-0.178571
S5		f		32.0		80.0		0.0		0.0		1236.0		0.0		-0.091108
S6		f		39.0		96.0		0.0		0.0		1236.0		0.0		-0.030369
S7		f		23.0		80.0		0.0		0.0		1236.0		0.0		-0.334062
S8		f		4.0		83.0		0.0		0.0		1236.0		0.0		-0.060739
S9		f		18.0		58.0		0.0		0.0		1236.0		0.0		-0.007905
S10		f		1.0		56.0		0.0		0.0		1236.0		0.0		0.021692
S11		f		13.0		31.0		0.0		0.0		1236.0		0.0		0.043385
S12		f		-5.0		38.0		0.0		0.0		1236.0		0.0		0.130154
S13		f		26.0		37.0		0.0		0.0		1236.0		0.0		0.115385
S14		f		28.0		13.0		0.0		0.0		1236.0		0.0		0.024147
S15		f		39.0		31.0		0.0		0.0		1236.0		0.0		1.0
S16		f		48.0		11.0		0.0		0.0		1236.0		0.0		0.072442
S17		f		59.0		17.0		0.0		0.0		1236.0		0.0		0.012074
S18		f		73.0		23.0		0.0		0.0		1236.0		0.0		-0.015495
S19		f		74.0		32.0		0.0		0.0		1236.0		0.0		-0.046484
S20		f		90.0		44.0		0.0		0.0		1236.0		0.0		-0.030989
C1		c		45.0		68.0		182.5		78.0		140.0		90.0		0.340136
C4		c		42.0		68.0		182.5		584.0		656.0		90.0		0.510204
C9		c		38.0		70.0		182.5		958.0		1040.0		90.0		0.127551
C13		c		22.0		75.0		547.5		1042.0		1106.0		90.0		-0.242954
C14		c		22.0		85.0		182.5		263.0		327.0		90.0		-0.212585
C16		c		20.0		85.0		730.0		358.0		416.0		90.0		-0.303693
C18		c		15.0		75.0		365.0		557.0		601.0		90.0		-0.121477
C27		c		23.0		52.0		182.5		263.0		311.0		90.0		-0.079054
C30		c		20.0		55.0		182.5		355.0		407.0		90.0		-0.015811
C33		c		8.0		40.0		730.0		355.0		437.0		90.0		0.151846
C35		c		5.0		35.0		182.5		655.0		725.0		90.0		0.195231
C41		c		35.0		32.0		182.5		49.0		109.0		90.0		0.923077
C49		c		28.0		35.0		182.5		1011.0		1073.0		90.0		0.423077
C50		c		26.0		32.0		182.5		923.0		975.0		90.0		0.269231
C56		c		40.0		5.0		547.5		350.0		410.0		90.0		0.096589
C58		c		38.0		5.0		547.5		256.0		320.0		90.0		0.060368
C61		c		50.0		30.0		182.5		980.0		1064.0		90.0		0.461538
C63		c		50.0		40.0		912.5		15.0		85.0		90.0		0.153846
C64		c		48.0		30.0		182.5		263.0		325.0		90.0		0.576923
C73		c		92.0		30.0		182.5		287.0		361.0		90.0		-0.154945
C76		c		90.0		35.0		182.5		575.0		639.0		90.0		-0.092967
C78		c		88.0		35.0		365.0		667.0		731.0		90.0		-0.139451
C84		c		70.0		58.0		365.0		650.0		710.0		90.0		-0.0484
C93		c		65.0		85.0		730.0		546.0		616.0		90.0		-0.535714
C98		c		58.0		75.0		365.0		181.0		247.0		90.0		0.01936

Q Battery capacity /79.69/
C Vehicle load capacity /3650.0/
r Energy consumption rate /1.0/
g inverse recharging rate /3.39/
v average Velocity /1.0/
M Vehicle curb weight /6350.0/