StringID	Type		x		y		demand		ReadyTime	DueDate		ServiceTime	altitude
D0		d		40.0		50.0		0.0		0.0		1236.0		0.0		0.0
S0		f		40.0		50.0		0.0		0.0		1236.0		0.0		0.0
S1		f		73.0		52.0		0.0		0.0		1236.0		0.0		0.095663
S2		f		90.0		55.0		0.0		0.0		1236.0		0.0		0.127551
S3		f		55.0		79.0		0.0		0.0		1236.0		0.0		0.048295
S4		f		69.0		89.0		0.0		0.0		1236.0		0.0		0.012074
S5		f		32.0		80.0		0.0		0.0		1236.0		0.0		-0.12987
S6		f		39.0		96.0		0.0		0.0		1236.0		0.0		-0.364431
S7		f		23.0		80.0		0.0		0.0		1236.0		0.0		-0.649351
S8		f		4.0		83.0		0.0		0.0		1236.0		0.0		-0.064935
S9		f		18.0		58.0		0.0		0.0		1236.0		0.0		-0.004033
S10		f		1.0		56.0		0.0		0.0		1236.0		0.0		0.005647
S11		f		13.0		31.0		0.0		0.0		1236.0		0.0		0.011293
S12		f		-5.0		38.0		0.0		0.0		1236.0		0.0		0.03388
S13		f		26.0		37.0		0.0		0.0		1236.0		0.0		0.034708
S14		f		28.0		13.0		0.0		0.0		1236.0		0.0		-0.033806
S15		f		39.0		31.0		0.0		0.0		1236.0		0.0		0.017354
S16		f		48.0		11.0		0.0		0.0		1236.0		0.0		-0.101419
S17		f		59.0		17.0		0.0		0.0		1236.0		0.0		-0.016903
S18		f		73.0		23.0		0.0		0.0		1236.0		0.0		0.159439
S19		f		74.0		32.0		0.0		0.0		1236.0		0.0		0.191327
S20		f		90.0		44.0		0.0		0.0		1236.0		0.0		0.255102
C2		c		45.0		70.0		547.5		0.0		1125.0		90.0		0.75
C9		c		38.0		70.0		182.5		0.0		1125.0		90.0		0.55
C17		c		18.0		75.0		365.0		0.0		1112.0		90.0		-0.324675
C20		c		30.0		50.0		182.5		0.0		1136.0		90.0		-0.016133
C25		c		25.0		52.0		730.0		0.0		1130.0		90.0		-0.0484
C30		c		20.0		55.0		182.5		0.0		1125.0		90.0		-0.008067
C31		c		10.0		35.0		365.0		0.0		1112.0		90.0		0.01694
C34		c		8.0		45.0		365.0		0.0		1113.0		90.0		0.028233
C48		c		28.0		30.0		182.5		0.0		1122.0		90.0		0.208247
C51		c		25.0		30.0		182.5		0.0		1121.0		90.0		0.069416
C61		c		50.0		30.0		182.5		980.0		1064.0		90.0		-0.068992
C70		c		95.0		30.0		547.5		390.0		444.0		90.0		0.223214
C71		c		95.0		35.0		365.0		0.0		1088.0		90.0		0.318878
C75		c		45.0		65.0		365.0		0.0		1130.0		90.0		1.0
C76		c		90.0		35.0		182.5		575.0		639.0		90.0		0.446429
C78		c		88.0		35.0		365.0		0.0		1095.0		90.0		0.478316
C81		c		85.0		35.0		547.5		761.0		823.0		90.0		0.510204
C83		c		72.0		55.0		182.5		0.0		1113.0		90.0		0.031888
C85		c		68.0		60.0		547.5		0.0		1116.0		90.0		0.1
C86		c		66.0		55.0		182.5		0.0		1119.0		90.0		0.15
C88		c		65.0		60.0		547.5		0.0		1119.0		90.0		0.25
C90		c		60.0		55.0		182.5		0.0		1125.0		90.0		0.35
C94		c		65.0		82.0		182.5		0.0		1105.0		90.0		0.108663
C95		c		62.0		80.0		547.5		0.0		1108.0		90.0		0.13281
C98		c		58.0		75.0		365.0		0.0		1115.0		90.0		0.072442

Q Battery capacity /79.69/
C Vehicle load capacity /3650.0/
r Energy consumption rate /1.0/
g inverse recharging rate /3.39/
v average Velocity /1.0/
M Vehicle curb weight /6350.0/