StringID	Type		x		y		demand		ReadyTime	DueDate		ServiceTime	altitude
D0		d		40.0		50.0		0.0		0.0		1236.0		0.0		0.0
S0		f		40.0		50.0		0.0		0.0		1236.0		0.0		0.0
S1		f		73.0		52.0		0.0		0.0		1236.0		0.0		-0.039527
S2		f		90.0		55.0		0.0		0.0		1236.0		0.0		-0.007905
S3		f		55.0		79.0		0.0		0.0		1236.0		0.0		-0.25974
S4		f		69.0		89.0		0.0		0.0		1236.0		0.0		-0.064935
S5		f		32.0		80.0		0.0		0.0		1236.0		0.0		-0.046484
S6		f		39.0		96.0		0.0		0.0		1236.0		0.0		-0.015495
S7		f		23.0		80.0		0.0		0.0		1236.0		0.0		-0.17044
S8		f		4.0		83.0		0.0		0.0		1236.0		0.0		-0.030989
S9		f		18.0		58.0		0.0		0.0		1236.0		0.0		-0.004033
S10		f		1.0		56.0		0.0		0.0		1236.0		0.0		0.042517
S11		f		13.0		31.0		0.0		0.0		1236.0		0.0		0.085034
S12		f		-5.0		38.0		0.0		0.0		1236.0		0.0		0.255102
S13		f		26.0		37.0		0.0		0.0		1236.0		0.0		0.115385
S14		f		28.0		13.0		0.0		0.0		1236.0		0.0		0.026031
S15		f		39.0		31.0		0.0		0.0		1236.0		0.0		1.0
S16		f		48.0		11.0		0.0		0.0		1236.0		0.0		0.130154
S17		f		59.0		17.0		0.0		0.0		1236.0		0.0		-0.121477
S18		f		73.0		23.0		0.0		0.0		1236.0		0.0		-0.364431
S19		f		74.0		32.0		0.0		0.0		1236.0		0.0		-0.242954
S20		f		90.0		44.0		0.0		0.0		1236.0		0.0		0.013552
C3		c		42.0		66.0		182.5		760.0		1034.0		90.0		0.121743
C4		c		42.0		68.0		182.5		476.0		764.0		90.0		0.13281
C8		c		38.0		68.0		365.0		854.0		1127.0		90.0		0.055338
C9		c		38.0		70.0		182.5		794.0		1125.0		90.0		0.033203
C12		c		25.0		85.0		365.0		96.0		308.0		90.0		-0.077473
C14		c		22.0		85.0		182.5		166.0		424.0		90.0		-0.108462
C20		c		30.0		50.0		182.5		10.0		249.0		90.0		-0.016133
C23		c		28.0		55.0		182.5		13.0		241.0		90.0		-0.0242
C28		c		23.0		55.0		365.0		329.0		619.0		90.0		-0.028233
C29		c		20.0		50.0		182.5		97.0		303.0		90.0		-0.0121
C31		c		10.0		35.0		365.0		389.0		595.0		90.0		0.127551
C34		c		8.0		45.0		365.0		120.0		318.0		90.0		0.212585
C36		c		5.0		45.0		182.5		176.0		448.0		90.0		0.340136
C38		c		0.0		40.0		547.5		380.0		624.0		90.0		0.467687
C39		c		0.0		45.0		365.0		276.0		538.0		90.0		0.42517
C47		c		30.0		35.0		182.5		614.0		838.0		90.0		0.538462
C51		c		25.0		30.0		182.5		723.0		989.0		90.0		0.230769
C52		c		25.0		35.0		182.5		883.0		1124.0		90.0		0.076923
C62		c		50.0		35.0		365.0		79.0		319.0		90.0		0.384615
C67		c		47.0		40.0		182.5		13.0		312.0		90.0		0.346154
C69		c		45.0		35.0		182.5		344.0		620.0		90.0		0.730769
C71		c		95.0		35.0		365.0		387.0		637.0		90.0		0.054208
C79		c		87.0		30.0		182.5		355.0		597.0		90.0		0.027104
C93		c		65.0		85.0		730.0		439.0		723.0		90.0		-0.454545
C98		c		58.0		75.0		365.0		80.0		348.0		90.0		-0.38961

Q Battery capacity /79.69/
C Vehicle load capacity /3650.0/
r Energy consumption rate /1.0/
g inverse recharging rate /3.39/
v average Velocity /1.0/
M Vehicle curb weight /6350.0/