StringID	Type		x		y		demand		ReadyTime	DueDate		ServiceTime	altitude
D0		d		35.0		35.0		0.0		0.0		230.0		0.0		0.0
S0		f		35.0		35.0		0.0		0.0		230.0		0.0		0.0
S1		f		61.0		37.0		0.0		0.0		230.0		0.0		-0.165275
S2		f		74.0		39.0		0.0		0.0		230.0		0.0		-0.123956
S3		f		47.0		57.0		0.0		0.0		230.0		0.0		-0.094865
S4		f		57.0		65.0		0.0		0.0		230.0		0.0		0.13281
S5		f		29.0		59.0		0.0		0.0		230.0		0.0		0.238616
S6		f		34.0		71.0		0.0		0.0		230.0		0.0		0.043385
S7		f		22.0		58.0		0.0		0.0		230.0		0.0		0.151846
S8		f		7.0		61.0		0.0		0.0		230.0		0.0		0.625
S9		f		18.0		41.0		0.0		0.0		230.0		0.0		0.5
S10		f		5.0		39.0		0.0		0.0		230.0		0.0		0.25
S11		f		14.0		20.0		0.0		0.0		230.0		0.0		-0.336398
S12		f		0.0		26.0		0.0		0.0		230.0		0.0		-0.056066
S13		f		24.0		25.0		0.0		0.0		230.0		0.0		0.06776
S14		f		26.0		6.0		0.0		0.0		230.0		0.0		-0.0121
S15		f		34.0		20.0		0.0		0.0		230.0		0.0		-0.01815
S16		f		41.0		5.0		0.0		0.0		230.0		0.0		0.191327
S17		f		50.0		9.0		0.0		0.0		230.0		0.0		0.478316
S18		f		61.0		14.0		0.0		0.0		230.0		0.0		0.095663
S19		f		62.0		21.0		0.0		0.0		230.0		0.0		-0.041319
S20		f		74.0		30.0		0.0		0.0		230.0		0.0		-0.082638
C1		c		41.0		49.0		182.5		36.0		46.0		10.0		-0.21978
C3		c		55.0		45.0		237.25		0.0		197.0		10.0		-0.549451
C5		c		15.0		30.0		474.5		0.0		199.0		10.0		0.015058
C11		c		20.0		65.0		219.0		0.0		186.0		10.0		0.065077
C12		c		50.0		35.0		346.75		177.0		187.0		10.0		-0.494505
C13		c		30.0		25.0		419.75		0.0		208.0		10.0		0.03388
C19		c		15.0		60.0		310.25		0.0		187.0		10.0		0.75
C25		c		65.0		20.0		109.5		0.0		186.0		10.0		-0.020659
C26		c		45.0		30.0		310.25		0.0		208.0		10.0		-0.164835
C34		c		65.0		55.0		255.5		0.0		183.0		10.0		0.056919
C35		c		63.0		65.0		146.0		0.0		178.0		10.0		0.075892
C41		c		42.0		7.0		91.25		181.0		191.0		10.0		0.28699
C48		c		13.0		52.0		657.0		0.0		192.0		10.0		1.0
C53		c		37.0		31.0		255.5		0.0		215.0		10.0		0.003764
C61		c		12.0		24.0		237.25		29.0		39.0		10.0		-0.308365
C63		c		27.0		69.0		182.5		0.0		185.0		10.0		0.108462
C69		c		37.0		47.0		109.5		151.0		161.0		10.0		-0.10989
C70		c		37.0		56.0		91.25		0.0		198.0		10.0		-0.023716
C71		c		57.0		68.0		273.75		0.0		180.0		10.0		0.113837
C73		c		44.0		17.0		164.25		136.0		146.0		10.0		0.318878
C74		c		46.0		13.0		146.0		0.0		195.0		10.0		0.446429
C76		c		49.0		42.0		237.25		0.0		204.0		10.0		-0.714286
C85		c		16.0		22.0		748.25		0.0		196.0		10.0		-0.224266
C97		c		25.0		21.0		219.0		0.0		202.0		10.0		0.045174
C98		c		19.0		21.0		182.5		0.0		198.0		10.0		0.022587

Q Battery capacity /67.15/
C Vehicle load capacity /3650.0/
r Energy consumption rate /1.0/
g inverse recharging rate /0.45/
v average Velocity /1.0/
M Vehicle curb weight /6350.0/