StringID	Type		x		y		demand		ReadyTime	DueDate		ServiceTime	altitude
D0		d		35.0		35.0		0.0		0.0		230.0		0.0		0.0
S0		f		35.0		35.0		0.0		0.0		230.0		0.0		0.0
S1		f		61.0		37.0		0.0		0.0		230.0		0.0		0.0616
S2		f		74.0		39.0		0.0		0.0		230.0		0.0		0.04312
S3		f		47.0		57.0		0.0		0.0		230.0		0.0		0.571429
S4		f		57.0		65.0		0.0		0.0		230.0		0.0		0.928571
S5		f		29.0		59.0		0.0		0.0		230.0		0.0		-0.086959
S6		f		34.0		71.0		0.0		0.0		230.0		0.0		-0.007905
S7		f		22.0		58.0		0.0		0.0		230.0		0.0		-0.047432
S8		f		7.0		61.0		0.0		0.0		230.0		0.0		-0.0484
S9		f		18.0		41.0		0.0		0.0		230.0		0.0		0.22777
S10		f		5.0		39.0		0.0		0.0		230.0		0.0		-0.159372
S11		f		14.0		20.0		0.0		0.0		230.0		0.0		0.332742
S12		f		0.0		26.0		0.0		0.0		230.0		0.0		-0.026562
S13		f		24.0		25.0		0.0		0.0		230.0		0.0		0.266193
S14		f		26.0		6.0		0.0		0.0		230.0		0.0		-0.121477
S15		f		34.0		20.0		0.0		0.0		230.0		0.0		-0.16197
S16		f		41.0		5.0		0.0		0.0		230.0		0.0		-0.238095
S17		f		50.0		9.0		0.0		0.0		230.0		0.0		-0.666667
S18		f		61.0		14.0		0.0		0.0		230.0		0.0		-0.095238
S19		f		62.0		21.0		0.0		0.0		230.0		0.0		0.01232
S20		f		74.0		30.0		0.0		0.0		230.0		0.0		0.02464
C4		c		55.0		20.0		346.75		88.0		136.0		10.0		-0.190476
C6		c		25.0		30.0		54.75		39.0		161.0		10.0		0.088731
C11		c		20.0		65.0		219.0		95.0		186.0		10.0		-0.0121
C12		c		50.0		35.0		346.75		151.0		205.0		10.0		0.091946
C17		c		5.0		30.0		36.5		41.0		115.0		10.0		-0.106248
C18		c		20.0		40.0		219.0		92.0		172.0		10.0		0.260308
C25		c		65.0		20.0		109.5		102.0		186.0		10.0		0.00616
C27		c		35.0		40.0		292.0		67.0		215.0		10.0		0.122594
C30		c		40.0		60.0		383.25		115.0		194.0		10.0		-0.023716
C32		c		35.0		69.0		419.75		96.0		186.0		10.0		-0.015811
C48		c		13.0		52.0		657.0		82.0		192.0		10.0		-0.01815
C49		c		6.0		68.0		547.5		59.0		151.0		10.0		-0.03025
C50		c		47.0		47.0		237.25		92.0		154.0		10.0		0.061297
C52		c		27.0		43.0		164.25		52.0		180.0		10.0		0.130154
C59		c		21.0		24.0		511.0		60.0		152.0		10.0		0.377107
C63		c		27.0		69.0		182.5		46.0		181.0		10.0		-0.031622
C64		c		15.0		77.0		164.25		59.0		132.0		10.0		-0.00605
C65		c		62.0		77.0		365.0		67.0		140.0		10.0		0.071429
C74		c		46.0		13.0		146.0		25.0		90.0		10.0		-0.619048
C83		c		14.0		37.0		200.75		96.0		198.0		10.0		0.162693
C84		c		11.0		31.0		127.75		49.0		153.0		10.0		-0.079686
C85		c		16.0		22.0		748.25		24.0		187.0		10.0		0.465839
C88		c		26.0		52.0		164.25		84.0		200.0		10.0		-0.039527
C91		c		15.0		19.0		18.25		30.0		154.0		10.0		0.354925
C96		c		22.0		27.0		200.75		16.0		60.0		10.0		0.221828

Q Battery capacity /67.12/
C Vehicle load capacity /3650.0/
r Energy consumption rate /1.0/
g inverse recharging rate /0.45/
v average Velocity /1.0/
M Vehicle curb weight /6350.0/