StringID	Type		x		y		demand		ReadyTime	DueDate		ServiceTime	altitude
D0		d		40.0		50.0		0.0		0.0		240.0		0.0		0.0
S0		f		40.0		50.0		0.0		0.0		240.0		0.0		0.0
S1		f		73.0		52.0		0.0		0.0		240.0		0.0		0.04512
S2		f		90.0		55.0		0.0		0.0		240.0		0.0		-0.008809
S3		f		55.0		79.0		0.0		0.0		240.0		0.0		-0.327988
S4		f		69.0		89.0		0.0		0.0		240.0		0.0		-0.072886
S5		f		32.0		80.0		0.0		0.0		240.0		0.0		-0.069061
S6		f		39.0		96.0		0.0		0.0		240.0		0.0		-0.034531
S7		f		23.0		80.0		0.0		0.0		240.0		0.0		0.115102
S8		f		4.0		83.0		0.0		0.0		240.0		0.0		0.014388
S9		f		18.0		58.0		0.0		0.0		240.0		0.0		-0.412698
S10		f		1.0		56.0		0.0		0.0		240.0		0.0		-0.722222
S11		f		13.0		31.0		0.0		0.0		240.0		0.0		0.055272
S12		f		-5.0		38.0		0.0		0.0		240.0		0.0		0.276361
S13		f		26.0		37.0		0.0		0.0		240.0		0.0		0.054208
S14		f		28.0		13.0		0.0		0.0		240.0		0.0		-0.03146
S15		f		39.0		31.0		0.0		0.0		240.0		0.0		0.047432
S16		f		48.0		11.0		0.0		0.0		240.0		0.0		1.3
S17		f		59.0		17.0		0.0		0.0		240.0		0.0		0.382353
S18		f		73.0		23.0		0.0		0.0		240.0		0.0		-0.017618
S19		f		74.0		32.0		0.0		0.0		240.0		0.0		-0.035235
S20		f		90.0		44.0		0.0		0.0		240.0		0.0		-0.052853
C1		c		25.0		85.0		365.0		161.0		191.0		10.0		0.028776
C6		c		18.0		75.0		365.0		105.0		135.0		10.0		0.100714
C7		c		15.0		75.0		365.0		102.0		132.0		10.0		0.071939
C11		c		8.0		40.0		730.0		86.0		116.0		10.0		0.331633
C18		c		44.0		5.0		365.0		79.0		109.0		10.0		1.070588
C21		c		40.0		5.0		182.5		155.0		185.0		10.0		0.764706
C22		c		40.0		15.0		730.0		106.0		136.0		10.0		0.841176
C24		c		38.0		15.0		182.5		108.0		138.0		10.0		0.688235
C31		c		88.0		35.0		365.0		102.0		132.0		10.0		-0.114515
C35		c		67.0		85.0		365.0		155.0		185.0		10.0		-0.109329
C43		c		55.0		85.0		365.0		107.0		137.0		10.0		-0.145773
C44		c		55.0		82.0		182.5		36.0		66.0		10.0		-0.218659
C48		c		42.0		5.0		182.5		154.0		184.0		10.0		0.917647
C49		c		42.0		12.0		182.5		85.0		115.0		10.0		1.147059
C55		c		30.0		60.0		292.0		26.0		56.0		10.0		-0.172653
C58		c		15.0		10.0		365.0		62.0		92.0		10.0		-0.023595
C60		c		15.0		60.0		310.25		173.0		203.0		10.0		-0.515873
C65		c		35.0		40.0		292.0		31.0		61.0		10.0		0.088088
C71		c		65.0		55.0		255.5		50.0		80.0		10.0		0.18048
C78		c		8.0		56.0		492.75		77.0		107.0		10.0		-0.928571
C79		c		6.0		68.0		547.5		53.0		83.0		10.0		-0.309524
C82		c		27.0		43.0		164.25		114.0		144.0		10.0		0.06776
C87		c		12.0		24.0		237.25		58.0		88.0		10.0		-0.04719
C99		c		26.0		35.0		273.75		51.0		81.0		10.0		0.040656
C100		c		31.0		67.0		54.75		20.0		50.0		10.0		-0.207184

Q Battery capacity /79.69/
C Vehicle load capacity /3650.0/
r Energy consumption rate /1.0/
g inverse recharging rate /0.38/
v average Velocity /1.0/
M Vehicle curb weight /6350.0/