StringID	Type		x		y		demand		ReadyTime	DueDate		ServiceTime	altitude
D0		d		40.0		50.0		0.0		0.0		240.0		0.0		0.0
S0		f		40.0		50.0		0.0		0.0		240.0		0.0		0.0
S1		f		73.0		52.0		0.0		0.0		240.0		0.0		-0.013703
S2		f		90.0		55.0		0.0		0.0		240.0		0.0		0.015696
S3		f		55.0		79.0		0.0		0.0		240.0		0.0		0.027104
S4		f		69.0		89.0		0.0		0.0		240.0		0.0		0.020328
S5		f		32.0		80.0		0.0		0.0		240.0		0.0		0.585
S6		f		39.0		96.0		0.0		0.0		240.0		0.0		0.006776
S7		f		23.0		80.0		0.0		0.0		240.0		0.0		1.17
S8		f		4.0		83.0		0.0		0.0		240.0		0.0		0.065
S9		f		18.0		58.0		0.0		0.0		240.0		0.0		0.195
S10		f		1.0		56.0		0.0		0.0		240.0		0.0		0.147392
S11		f		13.0		31.0		0.0		0.0		240.0		0.0		0.294785
S12		f		-5.0		38.0		0.0		0.0		240.0		0.0		0.257937
S13		f		26.0		37.0		0.0		0.0		240.0		0.0		-0.161143
S14		f		28.0		13.0		0.0		0.0		240.0		0.0		0.14805
S15		f		39.0		31.0		0.0		0.0		240.0		0.0		-0.145029
S16		f		48.0		11.0		0.0		0.0		240.0		0.0		0.06345
S17		f		59.0		17.0		0.0		0.0		240.0		0.0		-0.928571
S18		f		73.0		23.0		0.0		0.0		240.0		0.0		-0.03146
S19		f		74.0		32.0		0.0		0.0		240.0		0.0		-0.06292
S20		f		90.0		44.0		0.0		0.0		240.0		0.0		0.047087
C2		c		22.0		75.0		547.5		0.0		199.0		10.0		1.3
C5		c		20.0		85.0		365.0		0.0		189.0		10.0		0.715
C6		c		18.0		75.0		365.0		0.0		196.0		10.0		1.235
C10		c		10.0		40.0		547.5		0.0		198.0		10.0		0.626417
C18		c		44.0		5.0		365.0		0.0		184.0		10.0		0.2115
C21		c		40.0		5.0		182.5		0.0		185.0		10.0		0.296101
C27		c		95.0		35.0		365.0		142.0		172.0		10.0		0.141262
C32		c		87.0		30.0		182.5		0.0		178.0		10.0		0.078479
C36		c		65.0		85.0		730.0		57.0		87.0		10.0		0.081312
C42		c		55.0		80.0		182.5		34.0		64.0		10.0		0.03388
C46		c		18.0		80.0		182.5		129.0		159.0		10.0		1.04
C47		c		2.0		45.0		182.5		0.0		191.0		10.0		0.405329
C49		c		42.0		12.0		182.5		0.0		191.0		10.0		0.19035
C54		c		55.0		60.0		292.0		170.0		200.0		10.0		-0.473761
C55		c		30.0		60.0		292.0		0.0		215.0		10.0		0.325
C60		c		15.0		60.0		310.25		0.0		203.0		10.0		0.39
C62		c		65.0		35.0		54.75		0.0		200.0		10.0		-0.01573
C63		c		65.0		20.0		109.5		0.0		190.0		10.0		-0.530612
C67		c		64.0		42.0		164.25		0.0		204.0		10.0		-0.082216
C74		c		20.0		20.0		146.0		0.0		193.0		10.0		0.02115
C78		c		8.0		56.0		492.75		77.0		107.0		10.0		0.221088
C84		c		57.0		29.0		328.5		73.0		103.0		10.0		-0.265306
C92		c		53.0		43.0		255.5		140.0		170.0		10.0		-0.095919
C99		c		26.0		35.0		273.75		51.0		81.0		10.0		-0.128915
C100		c		31.0		67.0		54.75		0.0		210.0		10.0		0.52

Q Battery capacity /79.69/
C Vehicle load capacity /3650.0/
r Energy consumption rate /1.0/
g inverse recharging rate /0.38/
v average Velocity /1.0/
M Vehicle curb weight /6350.0/