StringID	Type		x		y		demand		ReadyTime	DueDate		ServiceTime	altitude
D0		d		40.0		50.0		0.0		0.0		240.0		0.0		0.0
S0		f		40.0		50.0		0.0		0.0		240.0		0.0		0.0
S1		f		73.0		52.0		0.0		0.0		240.0		0.0		-0.018593
S2		f		90.0		55.0		0.0		0.0		240.0		0.0		0.008008
S3		f		55.0		79.0		0.0		0.0		240.0		0.0		0.204082
S4		f		69.0		89.0		0.0		0.0		240.0		0.0		0.153061
S5		f		32.0		80.0		0.0		0.0		240.0		0.0		0.458824
S6		f		39.0		96.0		0.0		0.0		240.0		0.0		0.076471
S7		f		23.0		80.0		0.0		0.0		240.0		0.0		1.147059
S8		f		4.0		83.0		0.0		0.0		240.0		0.0		-0.06292
S9		f		18.0		58.0		0.0		0.0		240.0		0.0		0.019906
S10		f		1.0		56.0		0.0		0.0		240.0		0.0		0.119436
S11		f		13.0		31.0		0.0		0.0		240.0		0.0		-0.041108
S12		f		-5.0		38.0		0.0		0.0		240.0		0.0		0.09953
S13		f		26.0		37.0		0.0		0.0		240.0		0.0		0.106248
S14		f		28.0		13.0		0.0		0.0		240.0		0.0		-0.068513
S15		f		39.0		31.0		0.0		0.0		240.0		0.0		0.092967
S16		f		48.0		11.0		0.0		0.0		240.0		0.0		-0.928571
S17		f		59.0		17.0		0.0		0.0		240.0		0.0		-0.185714
S18		f		73.0		23.0		0.0		0.0		240.0		0.0		-0.142128
S19		f		74.0		32.0		0.0		0.0		240.0		0.0		-0.284257
S20		f		90.0		44.0		0.0		0.0		240.0		0.0		0.024024
C2		c		22.0		75.0		547.5		0.0		199.0		10.0		1.3
C6		c		18.0		75.0		365.0		0.0		196.0		10.0		1.223529
C12		c		8.0		45.0		365.0		111.0		141.0		10.0		0.318495
C13		c		5.0		35.0		182.5		0.0		191.0		10.0		0.179153
C19		c		42.0		10.0		730.0		0.0		189.0		10.0		-0.866667
C21		c		40.0		5.0		182.5		0.0		185.0		10.0		-0.495238
C24		c		38.0		15.0		182.5		0.0		194.0		10.0		-0.433333
C25		c		35.0		5.0		365.0		0.0		184.0		10.0		-0.12381
C39		c		60.0		80.0		182.5		100.0		130.0		10.0		0.561224
C51		c		55.0		20.0		346.75		0.0		196.0		10.0		-0.371429
C58		c		15.0		10.0		365.0		0.0		182.0		10.0		-0.054811
C60		c		15.0		60.0		310.25		0.0		203.0		10.0		0.039812
C61		c		45.0		65.0		164.25		184.0		214.0		10.0		-0.05578
C66		c		41.0		37.0		292.0		0.0		216.0		10.0		0.159372
C69		c		31.0		52.0		492.75		10.0		40.0		10.0		0.066405
C72		c		63.0		65.0		146.0		0.0		202.0		10.0		-0.074374
C76		c		60.0		12.0		565.75		0.0		187.0		10.0		-0.247619
C77		c		23.0		3.0		127.75		90.0		120.0		10.0		-0.013703
C79		c		6.0		68.0		547.5		53.0		83.0		10.0		-0.03146
C81		c		49.0		58.0		182.5		0.0		217.0		10.0		-0.167341
C86		c		21.0		24.0		511.0		0.0		197.0		10.0		-0.109621
C93		c		61.0		52.0		54.75		0.0		208.0		10.0		-0.204528
C96		c		55.0		54.0		474.5		0.0		214.0		10.0		-0.241715
C97		c		4.0		18.0		638.75		0.0		181.0		10.0		-0.027405
C100		c		31.0		67.0		54.75		0.0		210.0		10.0		0.382353

Q Battery capacity /79.69/
C Vehicle load capacity /3650.0/
r Energy consumption rate /1.0/
g inverse recharging rate /0.38/
v average Velocity /1.0/
M Vehicle curb weight /6350.0/
