StringID	Type		x		y		demand		ReadyTime	DueDate		ServiceTime	altitude
D0		d		40.0		50.0		0.0		0.0		240.0		0.0		0.0
S0		f		40.0		50.0		0.0		0.0		240.0		0.0		0.0
S1		f		73.0		52.0		0.0		0.0		240.0		0.0		0.016517
S2		f		90.0		55.0		0.0		0.0		240.0		0.0		-0.084416
S3		f		55.0		79.0		0.0		0.0		240.0		0.0		-0.053932
S4		f		69.0		89.0		0.0		0.0		240.0		0.0		0.073994
S5		f		32.0		80.0		0.0		0.0		240.0		0.0		-0.10152
S6		f		39.0		96.0		0.0		0.0		240.0		0.0		-0.008989
S7		f		23.0		80.0		0.0		0.0		240.0		0.0		-0.338401
S8		f		4.0		83.0		0.0		0.0		240.0		0.0		-0.06768
S9		f		18.0		58.0		0.0		0.0		240.0		0.0		0.182216
S10		f		1.0		56.0		0.0		0.0		240.0		0.0		0.278571
S11		f		13.0		31.0		0.0		0.0		240.0		0.0		-0.131844
S12		f		-5.0		38.0		0.0		0.0		240.0		0.0		0.185714
S13		f		26.0		37.0		0.0		0.0		240.0		0.0		-0.065922
S14		f		28.0		13.0		0.0		0.0		240.0		0.0		0.414541
S15		f		39.0		31.0		0.0		0.0		240.0		0.0		0.165816
S16		f		48.0		11.0		0.0		0.0		240.0		0.0		0.290179
S17		f		59.0		17.0		0.0		0.0		240.0		0.0		-0.100901
S18		f		73.0		23.0		0.0		0.0		240.0		0.0		-0.067268
S19		f		74.0		32.0		0.0		0.0		240.0		0.0		-0.033634
S20		f		90.0		44.0		0.0		0.0		240.0		0.0		-0.253247
C1		c		25.0		85.0		365.0		131.0		191.0		10.0		-0.13536
C2		c		22.0		75.0		547.5		69.0		129.0		10.0		-0.20304
C19		c		42.0		10.0		730.0		48.0		108.0		10.0		0.497449
C21		c		40.0		5.0		182.5		125.0		185.0		10.0		0.373087
C27		c		95.0		35.0		365.0		112.0		172.0		10.0		-0.75974
C30		c		88.0		30.0		182.5		114.0		174.0		10.0		-0.506494
C35		c		67.0		85.0		365.0		125.0		185.0		10.0		0.147989
C36		c		65.0		85.0		730.0		57.0		117.0		10.0		0.172653
C44		c		55.0		82.0		182.5		36.0		96.0		10.0		-0.044943
C45		c		20.0		82.0		182.5		38.0		98.0		10.0		-0.406081
C48		c		42.0		5.0		182.5		124.0		184.0		10.0		0.248724
C49		c		42.0		12.0		182.5		70.0		130.0		10.0		0.538903
C57		c		30.0		25.0		419.75		27.0		87.0		10.0		-0.153818
C59		c		10.0		20.0		346.75		50.0		110.0		10.0		-0.10987
C61		c		45.0		65.0		164.25		154.0		214.0		10.0		-0.017977
C62		c		65.0		35.0		54.75		30.0		90.0		10.0		-0.044845
C68		c		40.0		60.0		383.25		84.0		144.0		10.0		0.052062
C72		c		63.0		65.0		146.0		91.0		151.0		10.0		0.011011
C77		c		23.0		3.0		127.75		75.0		135.0		10.0		0.041454
C80		c		47.0		47.0		237.25		29.0		89.0		10.0		0.04955
C83		c		37.0		31.0		255.5		103.0		163.0		10.0		0.124362
C85		c		63.0		23.0		36.5		50.0		110.0		10.0		-0.123324
C86		c		21.0		24.0		511.0		135.0		195.0		10.0		-0.241715
C91		c		49.0		42.0		237.25		61.0		121.0		10.0		0.055055
C94		c		57.0		48.0		419.75		152.0		212.0		10.0		0.088088

Q Battery capacity /79.69/
C Vehicle load capacity /3650.0/
r Energy consumption rate /1.0/
g inverse recharging rate /0.38/
v average Velocity /1.0/
M Vehicle curb weight /6350.0/